[6,4,2]
-1,-1,1,0|||
[7,4,2]
-1,-1,-1,0|||
[8,4,2]
-1,-1,-1,1|||
[9,4,2]
-1,-1,-1,0|||
[10,4,2]
0,-1,-1,0|||
[6,5,2]
-1,-1,0,-1|||
[7,5,2]
-1,-1,-1,-1|||
[8,5,2]
-1,-1,-1,-1|||
[9,5,2]
-1,-1,-1,-1|||
[10,5,2]
0,-1,-1,-1|||
[6,6,2]
-1,-1,0,-1|||
[7,6,2]
-1,-1,-1,-1|||
[8,6,2]
-1,-1,-1,-1|||
[9,6,2]
-1,-1,-1,-1|||
[10,6,2]
1,-1,-1,-1|||
[6,7,2]
-1,-1,0,-1|||
[7,7,2]
-1,-1,-1,-1|||
[8,7,2]
-1,-1,-1,-1|||
[9,7,2]
-1,-1,-1,-1|||
[10,7,2]
0,-1,-1,-1|||
[6,8,2]
-1,-1,0,-1|||
[7,8,2]
-1,-1,-1,-1|||
[8,8,2]
-1,-1,-1,-1|||
[9,8,2]
-1,-1,-1,-1|||
[10,8,2]
0,-1,-1,-1|||
[6,9,2]
-1,-1,0,-1|||
[7,9,2]
-1,-1,-1,-1|||
[8,9,2]
-1,-1,-1,-1|||
[9,9,2]
-1,-1,-1,-1|||
[10,9,2]
0,-1,-1,-1|||
[6,10,2]
-1,0,0,-1|||
[7,10,2]
-1,0,-1,-1|||
[8,10,2]
-1,1,-1,-1|||
[9,10,2]
-1,0,-1,-1|||
[10,10,2]
0,0,-1,-1|||
[8,0,2]
0,-1,0,1|||
[8,1,2]
0,-1,0,-1|||
[8,2,2]
0,-1,0,-1|||
[8,3,2]
0,1,0,-1|||
[2,4,2]
-1,0,0,0|||
[3,4,2]
-1,0,-1,0|||
[4,4,2]
-1,0,-1,0|||
[5,4,2]
1,0,-1,0|||
[4,11,2]
-1,0,0,0|||
[5,11,2]
-1,0,-1,0|||
[6,11,2]
-1,0,-1,0|||
[7,11,2]
1,0,-1,0|||
[8,11,2]
0,1,1,1|||
[8,12,2]
0,-1,0,1|||
[8,13,2]
0,1,0,-1|||
[11,6,2]
-1,0,1,0|||
[12,6,2]
-1,0,-1,0|||
[13,6,2]
1,0,-1,0|||
[14,6,2]
1,0,1,0|||
[15,6,2]
-1,0,1,0|||
[16,6,2]
1,0,-1,0|||
[17,4,2]
1,-1,0,0|||
[17,5,2]
0,-1,0,-1|||
[17,6,2]
0,0,1,-1|||
[18,3,2]
-1,-1,1,0|||
[19,3,2]
0,-1,-1,0|||
[18,4,2]
-1,0,1,-1|||
[19,4,2]
1,0,-1,-1|||
[17,0,2]
0,-1,1,0|||
[17,1,2]
0,-1,0,-1|||
[17,2,2]
0,-1,0,-1|||
[17,3,2]
1,0,0,-1|||
[16,0,2]
1,0,0,0|||
[15,0,2]
1,0,0,0|||
[20,2,2]
-1,-1,1,0|||
[21,2,2]
0,-1,-1,0|||
[20,3,2]
-1,-1,0,-1|||
[21,3,2]
0,-1,-1,-1|||
[20,4,2]
-1,0,1,-1|||
[21,4,2]
0,0,-1,-1|||
[19,1,2]
1,-1,0,0|||
[19,2,2]
1,0,0,-1|||
[20,-2,2]
1,-1,0,0|||
[20,-1,2]
0,-1,0,-1|||
[20,0,2]
0,-1,0,-1|||
[20,1,2]
1,0,1,-1|||
[21,-3,2]
-1,-1,0,0|||
[22,-3,2]
-1,-1,-1,1|||
[23,-3,2]
0,-1,-1,0|||
[21,-2,2]
-1,0,1,-1|||
[22,-2,2]
-1,0,-1,-1|||
[23,-2,2]
1,0,-1,-1|||
[24,-2,2]
0,-1,1,0|||
[24,-1,2]
0,0,1,-1|||
[22,-1,2]
-1,0,0,0|||
[23,-1,2]
1,0,-1,0|||
[18,-4,2]
-1,1,1,0|||
[19,-4,2]
-1,0,-1,1|||
[20,-4,2]
-1,0,-1,0|||
[21,-4,2]
-1,0,-1,0|||
[22,-4,2]
0,1,-1,0|||
[18,-3,2]
-1,0,0,1|||
[19,-3,2]
0,0,-1,0|||
[18,-6,2]
-1,-1,0,1|||
[19,-6,2]
0,-1,-1,0|||
[18,-5,2]
-1,0,0,-1|||
[19,-5,2]
0,1,-1,-1|||
[18,-7,2]
-1,1,0,0|||
[19,-7,2]
1,0,-1,0|||
[20,-7,2]
-1,0,1,0|||
[21,-7,2]
-1,0,-1,0|||
[22,-7,2]
-1,0,-1,0|||
[23,-7,2]
-1,0,-1,0|||
[24,-7,2]
-1,0,-1,0|||
[25,-7,2]
-1,0,-1,0|||
[26,-7,2]
-1,0,-1,0|||
[27,-7,2]
1,0,-1,0|||
[28,-7,2]
1,0,1,0|||
[29,-9,2]
0,-1,0,1|||
[29,-8,2]
0,-1,0,-1|||
[29,-7,2]
1,0,1,-1|||
[30,-7,2]
0,0,1,0|||
[21,1,2]
0,0,1,0|||
[28,-10,2]
-1,0,1,0|||
[29,-10,2]
-1,1,-1,0|||
[30,-10,2]
1,0,-1,0|||
[31,-11,2]
0,-1,1,0|||
[31,-10,2]
1,0,1,-1|||
[27,-11,2]
1,-1,0,0|||
[27,-10,2]
1,0,1,-1|||
[28,-11,2]
0,0,1,0|||
[30,-11,2]
1,0,0,0|||
[25,-10,2]
-1,0,1,0|||
[26,-10,2]
1,0,-1,0|||
[24,-10,2]
1,0,1,0|||
[32,-10,2]
-1,0,1,0|||
[33,-10,2]
1,0,-1,0|||
[34,-10,2]
1,0,1,0|||
[35,-10,2]
-1,0,1,0|||
[36,-10,2]
-1,0,-1,0|||
[37,-10,2]
-1,0,-1,0|||
[38,-10,2]
-1,0,-1,0|||
[39,-10,2]
-1,0,-1,0|||
[40,-10,2]
1,0,-1,0|||
[19,-10,2]
-1,0,1,0|||
[20,-10,2]
-1,0,-1,0|||
[21,-10,2]
-1,0,-1,0|||
[22,-10,2]
-1,0,-1,0|||
[23,-10,2]
1,0,-1,0|||
[8,14,2]
0,1,0,1|||
[8,15,2]
0,-1,0,1|||
[8,16,2]
0,-1,0,-1|||
[8,17,2]
0,1,0,-1|||
[7,18,2]
-1,1,0,0|||
[8,18,2]
0,0,-1,1|||
[7,19,2]
0,-1,0,1|||
[7,20,2]
0,-1,0,-1|||
[7,21,2]
0,1,0,-1|||
[41,-10,2]
-1,0,1,0|||
[42,-10,2]
-1,0,-1,0|||
[43,-10,2]
-1,0,-1,0|||
[44,-10,2]
1,0,-1,0|||
[45,-10,2]
0,-1,1,0|||
[45,-9,2]
1,0,1,-1|||
[44,-9,2]
1,-1,0,0|||
[44,-8,2]
0,-1,0,-1|||
[44,-7,2]
1,0,1,-1|||
[40,-7,2]
-1,0,0,0|||
[41,-7,2]
-1,0,-1,0|||
[42,-7,2]
-1,0,-1,0|||
[43,-7,2]
1,0,-1,0|||
[45,-7,2]
-1,0,1,0|||
[46,-7,2]
1,0,-1,0|||
[47,-7,2]
0,0,1,0|||
[46,-9,2]
-1,0,1,0|||
[47,-9,2]
-1,0,-1,0|||
[48,-9,2]
-1,0,-1,0|||
[49,-9,2]
-1,0,-1,0|||
[50,-9,2]
-1,1,-1,0|||
[51,-9,2]
1,0,-1,0|||
[49,-8,2]
-1,0,0,0|||
[50,-8,2]
1,0,-1,1|||
[50,-7,2]
0,0,0,1|||
[52,-9,2]
1,0,1,0|||
[53,-9,2]
-1,0,1,0|||
[54,-9,2]
1,0,-1,0|||
[55,-16,2]
0,-1,0,0|||
[55,-15,2]
0,-1,0,-1|||
[55,-14,2]
0,-1,0,-1|||
[55,-13,2]
0,-1,0,-1|||
[55,-12,2]
0,-1,0,-1|||
[55,-11,2]
0,-1,0,-1|||
[55,-10,2]
0,-1,0,-1|||
[55,-9,2]
1,0,1,-1|||
[56,-9,2]
-1,0,1,0|||
[57,-9,2]
1,0,-1,0|||
[58,-9,2]
-1,-1,1,0|||
[59,-9,2]
0,-1,-1,0|||
[58,-8,2]
-1,0,1,-1|||
[59,-8,2]
1,0,-1,-1|||
[60,-8,2]
0,0,1,0|||
[57,-8,2]
1,-1,0,0|||
[57,-7,2]
0,-1,0,-1|||
[57,-6,2]
1,0,0,-1|||
[58,-6,2]
-1,0,1,0|||
[59,-6,2]
1,0,-1,0|||
[60,-6,2]
0,0,1,0|||
[60,-6,0]
0,0,1,0|||
[59,-9,0]
1,-1,1,0|||
[59,-8,0]
0,-1,0,-1|||
[59,-7,0]
0,-1,1,-1|||
[59,-6,0]
1,0,0,-1|||
[60,-9,0]
-1,0,1,0|||
[61,-9,0]
-1,0,-1,0|||
[62,-9,0]
-1,0,-1,0|||
[63,-9,0]
1,0,-1,0|||
[55,-9,0]
-1,0,1,0|||
[56,-9,0]
-1,0,-1,0|||
[57,-9,0]
-1,0,-1,0|||
[58,-9,0]
1,0,-1,0|||
[51,-9,0]
-1,1,0,0|||
[52,-9,0]
-1,0,-1,0|||
[53,-9,0]
-1,0,-1,0|||
[54,-9,0]
1,0,-1,0|||
[48,-8,0]
-1,0,1,0|||
[49,-8,0]
-1,0,-1,0|||
[50,-8,0]
-1,0,-1,0|||
[51,-8,0]
0,0,-1,1|||
[64,-9,0]
-1,0,1,0|||
[65,-9,0]
1,0,-1,1|||
[65,-10,0]
-1,1,0,0|||
[66,-10,0]
-1,0,-1,0|||
[67,-10,0]
-1,0,-1,0|||
[68,-10,0]
-1,0,-1,0|||
[69,-10,0]
-1,0,-1,0|||
[70,-10,0]
1,0,-1,0|||
[44,-8,0]
-1,0,1,0|||
[45,-8,0]
-1,0,-1,0|||
[46,-8,0]
-1,0,-1,0|||
[47,-8,0]
1,0,-1,0|||
[43,-8,0]
1,0,1,0|||
[41,-8,0]
-1,-1,0,0|||
[42,-8,0]
1,-1,-1,0|||
[41,-7,0]
-1,-1,0,-1|||
[42,-7,0]
0,-1,-1,-1|||
[41,-6,0]
-1,0,1,-1|||
[42,-6,0]
0,0,-1,-1|||
[38,-6,0]
-1,0,1,0|||
[39,-6,0]
-1,0,-1,0|||
[40,-6,0]
1,0,-1,0|||
[37,-6,0]
1,-1,0,0|||
[37,-5,0]
0,0,1,-1|||
[35,-5,0]
-1,-1,0,0|||
[36,-5,0]
1,-1,-1,0|||
[35,-4,0]
-1,0,1,-1|||
[36,-4,0]
1,0,-1,-1|||
[33,-4,0]
-1,0,1,0|||
[34,-4,0]
1,0,-1,0|||
[29,-4,0]
-1,-1,0,0|||
[30,-4,0]
-1,-1,-1,0|||
[31,-4,0]
-1,-1,-1,0|||
[32,-4,0]
1,-1,-1,0|||
[29,-3,0]
-1,0,1,-1|||
[30,-3,0]
-1,0,-1,-1|||
[31,-3,0]
-1,0,-1,-1|||
[32,-3,0]
1,0,-1,-1|||
[37,-4,0]
0,0,1,0|||
[71,-10,0]
-1,0,1,0|||
[72,-10,0]
-1,0,-1,0|||
[73,-10,0]
-1,0,-1,0|||
[74,-10,0]
-1,0,-1,0|||
[75,-10,0]
-1,0,-1,0|||
[76,-10,0]
1,0,-1,0|||
[77,-10,0]
1,0,1,0|||
[78,-11,0]
-1,-1,0,0|||
[79,-11,0]
1,-1,-1,0|||
[78,-10,0]
-1,0,1,-1|||
[79,-10,0]
0,0,-1,-1|||
[80,-12,0]
-1,-1,0,0|||
[81,-12,0]
-1,-1,-1,0|||
[82,-12,0]
-1,-1,-1,0|||
[83,-12,0]
1,-1,-1,0|||
[80,-11,0]
-1,0,0,-1|||
[81,-11,0]
-1,0,-1,-1|||
[82,-11,0]
-1,1,-1,-1|||
[83,-11,0]
1,0,-1,-1|||
[81,-10,0]
-1,0,1,0|||
[82,-10,0]
1,0,-1,1|||
[80,-10,0]
1,0,0,0|||
[83,-10,0]
0,0,1,0|||
[33,-3,0]
-1,0,1,0|||
[34,-3,0]
-1,0,-1,0|||
[35,-3,0]
0,0,-1,0|||
[84,-13,0]
-1,-1,0,0|||
[85,-13,0]
-1,-1,-1,0|||
[86,-13,0]
-1,-1,-1,0|||
[87,-13,0]
0,-1,-1,0|||
[84,-12,0]
-1,0,1,-1|||
[85,-12,0]
-1,0,-1,-1|||
[86,-12,0]
-1,0,-1,-1|||
[87,-12,0]
1,0,-1,-1|||
[88,-12,0]
-1,-1,1,0|||
[89,-12,0]
0,-1,-1,0|||
[88,-11,0]
-1,0,0,-1|||
[89,-11,0]
1,0,-1,-1|||
[90,-11,0]
-1,0,1,0|||
[91,-11,0]
-1,0,-1,0|||
[92,-11,0]
1,0,-1,0|||
[93,-12,0]
1,-1,0,0|||
[93,-11,0]
1,0,1,-1|||
[94,-13,0]
-1,-1,0,0|||
[95,-13,0]
-1,-1,-1,0|||
[96,-13,0]
1,-1,-1,0|||
[94,-12,0]
-1,0,1,-1|||
[95,-12,0]
-1,0,-1,-1|||
[96,-12,0]
1,0,-1,-1|||
[94,-11,0]
-1,0,1,0|||
[95,-11,0]
1,0,-1,0|||
[96,-11,0]
0,-1,1,0|||
[96,-10,0]
0,-1,0,-1|||
[96,-9,0]
0,0,1,-1|||
[95,-9,0]
1,0,1,0|||
[93,-9,0]
-1,-1,0,0|||
[94,-9,0]
1,-1,-1,0|||
[93,-8,0]
-1,-1,0,-1|||
[94,-8,0]
0,-1,-1,-1|||
[93,-7,0]
-1,0,1,-1|||
[94,-7,0]
1,0,-1,-1|||
[91,-7,0]
-1,0,1,0|||
[92,-7,0]
1,0,-1,0|||
[97,-12,0]
0,0,1,0|||
[97,-13,0]
-1,0,1,0|||
[98,-13,0]
1,0,-1,0|||
[99,-15,0]
-1,-1,0,0|||
[100,-15,0]
1,-1,-1,0|||
[99,-14,0]
-1,-1,0,-1|||
[100,-14,0]
0,-1,-1,-1|||
[99,-13,0]
-1,0,1,-1|||
[100,-13,0]
0,0,-1,-1|||
[101,-15,0]
1,0,1,0|||
[102,-15,0]
-1,0,1,0|||
[103,-15,0]
-1,0,-1,0|||
[104,-15,0]
-1,0,-1,0|||
[105,-15,0]
1,0,-1,0|||
[106,-15,0]
-1,-1,1,0|||
[107,-15,0]
-1,-1,-1,0|||
[108,-15,0]
-1,-1,-1,0|||
[109,-15,0]
1,-1,-1,0|||
[106,-14,0]
-1,0,0,-1|||
[107,-14,0]
-1,0,-1,-1|||
[108,-14,0]
-1,0,-1,-1|||
[109,-14,0]
0,0,-1,-1|||
[66,-9,0]
0,0,1,0|||
[90,-7,0]
1,0,0,0|||
[95,-7,0]
0,-1,1,0|||
[95,-6,0]
0,-1,0,-1|||
[95,-5,0]
1,0,1,-1|||
[96,-6,0]
-1,-1,0,0|||
[97,-6,0]
1,-1,-1,0|||
[96,-5,0]
-1,0,1,-1|||
[97,-5,0]
0,0,-1,-1|||
[98,-6,0]
0,0,1,0|||
[94,-6,0]
1,0,0,0|||
[93,-5,0]
-1,-1,0,0|||
[94,-5,0]
1,-1,-1,0|||
[93,-4,0]
-1,-1,0,-1|||
[94,-4,0]
0,-1,-1,-1|||
[93,-3,0]
-1,0,0,-1|||
[94,-3,0]
1,0,-1,-1|||
[90,-3,0]
-1,0,0,0|||
[91,-3,0]
-1,0,-1,0|||
[92,-3,0]
1,0,-1,0|||
[95,-3,0]
-1,-1,1,0|||
[96,-3,0]
1,-1,-1,0|||
[95,-2,0]
-1,0,1,-1|||
[96,-2,0]
0,0,-1,-1|||
[16,-11,2]
-1,-1,0,0|||
[17,-11,2]
-1,-1,-1,0|||
[18,-11,2]
0,-1,-1,0|||
[16,-10,2]
-1,0,1,-1|||
[17,-10,2]
-1,0,-1,-1|||
[18,-10,2]
1,0,-1,-1|||
[13,-10,2]
-1,0,1,0|||
[14,-10,2]
-1,0,-1,0|||
[15,-10,2]
1,0,-1,0|||
[12,-11,2]
0,-1,1,0|||
[12,-10,2]
1,0,0,-1|||
[5,-11,2]
-1,-1,1,0|||
[6,-11,2]
-1,-1,-1,0|||
[7,-11,2]
-1,-1,-1,0|||
[8,-11,2]
-1,-1,-1,0|||
[9,-11,2]
-1,-1,-1,0|||
[10,-11,2]
-1,-1,-1,0|||
[11,-11,2]
1,-1,-1,0|||
[5,-10,2]
-1,-1,1,-1|||
[6,-10,2]
-1,-1,-1,-1|||
[7,-10,2]
-1,-1,-1,-1|||
[8,-10,2]
-1,-1,-1,-1|||
[9,-10,2]
-1,-1,-1,-1|||
[10,-10,2]
-1,-1,-1,-1|||
[11,-10,2]
0,-1,-1,-1|||
[5,-9,2]
-1,0,0,-1|||
[6,-9,2]
-1,0,-1,-1|||
[7,-9,2]
-1,0,-1,-1|||
[8,-9,2]
-1,1,-1,-1|||
[9,-9,2]
-1,0,-1,-1|||
[10,-9,2]
-1,0,-1,-1|||
[11,-9,2]
0,0,-1,-1|||
[7,-8,2]
-1,-1,0,0|||
[8,-8,2]
-1,-1,-1,1|||
[9,-8,2]
0,-1,-1,0|||
[7,-7,2]
-1,-1,0,-1|||
[8,-7,2]
-1,-1,-1,-1|||
[9,-7,2]
0,-1,-1,-1|||
[7,-6,2]
-1,-1,0,-1|||
[8,-6,2]
-1,-1,-1,-1|||
[9,-6,2]
0,-1,-1,-1|||
[7,-5,2]
-1,0,1,-1|||
[8,-5,2]
-1,1,-1,-1|||
[9,-5,2]
0,0,-1,-1|||
[8,-4,2]
0,-1,0,1|||
[8,-3,2]
0,-1,0,-1|||
[8,-2,2]
0,-1,0,-1|||
[8,-1,2]
0,1,0,-1|||
[5,-5,2]
-1,0,1,0|||
[6,-5,2]
1,0,-1,0|||
[1,-11,2]
-1,0,1,0|||
[2,-11,2]
-1,0,-1,0|||
[3,-11,2]
-1,0,-1,0|||
[4,-11,2]
1,0,-1,0|||
[-3,-11,2]
-1,-1,0,0|||
[-2,-11,2]
-1,-1,-1,0|||
[-1,-11,2]
-1,-1,-1,0|||
[0,-11,2]
1,-1,-1,0|||
[-3,-10,2]
-1,0,1,-1|||
[-2,-10,2]
-1,0,-1,-1|||
[-1,-10,2]
-1,0,-1,-1|||
[0,-10,2]
1,0,-1,-1|||
[-6,-11,2]
-1,-1,1,0|||
[-5,-11,2]
-1,-1,-1,0|||
[-4,-11,2]
0,-1,-1,0|||
[-6,-10,2]
-1,0,0,-1|||
[-5,-10,2]
-1,0,-1,-1|||
[-4,-10,2]
1,0,-1,-1|||
[-7,-11,2]
1,0,1,0|||
[-11,-11,2]
-1,0,1,0|||
[-10,-11,2]
-1,0,-1,0|||
[-9,-11,2]
-1,0,-1,0|||
[-8,-11,2]
1,0,-1,0|||
[4,-10,2]
1,0,0,0|||
[58,-7,0]
1,0,0,0|||
[84,-11,0]
0,0,1,0|||
[17,-4,2]
1,0,0,0|||
[1,-10,2]
0,0,1,0|||
[51,-8,2]
0,0,1,0|||
[97,-3,0]
0,0,1,0|||
[110,-15,0]
-1,0,1,0|||
[111,-15,0]
-1,0,-1,0|||
[112,-15,0]
-1,0,-1,0|||
[113,-15,0]
1,0,-1,0|||
[114,-15,0]
-1,-1,1,0|||
[115,-15,0]
-1,-1,-1,1|||
[116,-15,0]
-1,-1,-1,0|||
[117,-15,0]
1,-1,-1,0|||
[114,-14,0]
-1,0,0,-1|||
[115,-14,0]
-1,0,-1,-1|||
[116,-14,0]
-1,0,-1,-1|||
[117,-14,0]
0,0,-1,-1|||
[113,-17,0]
-1,-1,1,0|||
[114,-17,0]
-1,-1,-1,0|||
[115,-17,0]
0,-1,-1,0|||
[113,-16,0]
-1,0,0,-1|||
[114,-16,0]
-1,0,-1,-1|||
[115,-16,0]
1,1,-1,-1|||
[111,-17,0]
-1,0,1,0|||
[112,-17,0]
1,0,-1,0|||
[109,-18,0]
-1,-1,1,0|||
[110,-18,0]
0,-1,-1,0|||
[109,-17,0]
-1,0,0,-1|||
[110,-17,0]
1,0,-1,-1|||
[118,-15,0]
-1,-1,1,0|||
[119,-15,0]
-1,-1,-1,0|||
[120,-15,0]
-1,-1,-1,0|||
[121,-15,0]
-1,-1,-1,0|||
[122,-15,0]
-1,-1,-1,0|||
[123,-15,0]
1,-1,-1,0|||
[118,-14,0]
-1,0,0,-1|||
[119,-14,0]
-1,0,-1,-1|||
[120,-14,0]
-1,0,-1,-1|||
[121,-14,0]
-1,0,-1,-1|||
[122,-14,0]
-1,0,-1,-1|||
[123,-14,0]
1,0,-1,-1|||
[124,-15,0]
-1,0,1,0|||
[125,-15,0]
-1,0,-1,0|||
[126,-15,0]
-1,0,-1,0|||
[127,-15,0]
-1,0,-1,0|||
[128,-15,0]
-1,0,-1,0|||
[129,-15,0]
1,0,-1,0|||
[130,-15,0]
1,0,1,0|||
[131,-15,0]
-1,0,1,0|||
[132,-15,0]
-1,0,-1,0|||
[133,-15,0]
-1,0,-1,0|||
[134,-15,0]
1,0,-1,0|||
[135,-16,0]
-1,-1,0,0|||
[136,-16,0]
-1,-1,-1,0|||
[137,-16,0]
1,-1,-1,0|||
[135,-15,0]
-1,-1,1,-1|||
[136,-15,0]
-1,-1,-1,-1|||
[137,-15,0]
1,-1,-1,-1|||
[135,-14,0]
-1,0,0,-1|||
[136,-14,0]
-1,0,-1,-1|||
[137,-14,0]
1,0,-1,-1|||
[138,-14,0]
-1,0,1,0|||
[139,-14,0]
-1,0,-1,0|||
[140,-14,0]
1,0,-1,0|||
[141,-15,0]
-1,-1,0,0|||
[142,-15,0]
-1,-1,-1,1|||
[143,-15,0]
1,-1,-1,0|||
[141,-14,0]
-1,0,1,-1|||
[142,-14,0]
-1,0,-1,-1|||
[143,-14,0]
1,0,-1,-1|||
[138,-16,0]
-1,0,1,0|||
[139,-16,0]
-1,0,-1,0|||
[140,-16,0]
-1,0,-1,0|||
[141,-16,0]
-1,0,-1,0|||
[142,-16,0]
0,1,-1,0|||
[144,-17,0]
-1,-1,0,0|||
[145,-17,0]
-1,-1,-1,0|||
[146,-17,0]
-1,-1,-1,0|||
[147,-17,0]
-1,-1,-1,0|||
[148,-17,0]
1,-1,-1,0|||
[144,-16,0]
-1,-1,0,-1|||
[145,-16,0]
-1,-1,-1,-1|||
[146,-16,0]
-1,-1,-1,-1|||
[147,-16,0]
-1,-1,-1,-1|||
[148,-16,0]
0,-1,-1,-1|||
[144,-15,0]
-1,-1,1,-1|||
[145,-15,0]
-1,-1,-1,-1|||
[146,-15,0]
-1,-1,-1,-1|||
[147,-15,0]
-1,-1,-1,-1|||
[148,-15,0]
0,-1,-1,-1|||
[144,-14,0]
-1,0,1,-1|||
[145,-14,0]
-1,0,-1,-1|||
[146,-14,0]
-1,0,-1,-1|||
[147,-14,0]
-1,0,-1,-1|||
[148,-14,0]
1,0,-1,-1|||
[149,-18,0]
-1,-1,0,0|||
[150,-18,0]
-1,-1,-1,0|||
[151,-18,0]
0,-1,-1,0|||
[149,-17,0]
-1,0,1,-1|||
[150,-17,0]
-1,0,-1,-1|||
[151,-17,0]
1,0,-1,-1|||
[152,-17,0]
-1,-1,1,0|||
[153,-17,0]
0,-1,-1,0|||
[152,-16,0]
-1,-1,0,-1|||
[153,-16,0]
0,-1,-1,-1|||
[152,-15,0]
-1,0,0,-1|||
[153,-15,0]
1,0,-1,-1|||
[154,-15,0]
-1,0,1,0|||
[155,-15,0]
-1,0,-1,0|||
[156,-15,0]
-1,0,-1,0|||
[157,-15,0]
-1,0,-1,0|||
[158,-15,0]
-1,0,-1,0|||
[159,-15,0]
1,0,-1,0|||
[149,-14,0]
1,-1,1,0|||
[149,-13,0]
0,-1,0,-1|||
[149,-12,0]
0,-1,0,-1|||
[149,-11,0]
0,0,1,-1|||
[147,-11,0]
-1,-1,0,0|||
[148,-11,0]
1,-1,-1,0|||
[147,-10,0]
-1,-1,0,-1|||
[148,-10,0]
0,-1,-1,-1|||
[147,-9,0]
-1,0,1,-1|||
[148,-9,0]
0,0,-1,-1|||
[146,-9,0]
1,0,1,0|||
[142,-9,0]
-1,0,1,0|||
[143,-9,0]
-1,0,-1,0|||
[144,-9,0]
-1,0,-1,0|||
[145,-9,0]
1,0,-1,0|||
[140,-9,0]
-1,-1,0,0|||
[141,-9,0]
1,-1,-1,0|||
[140,-8,0]
-1,-1,1,-1|||
[141,-8,0]
0,-1,-1,-1|||
[140,-7,0]
-1,0,0,-1|||
[141,-7,0]
1,0,-1,-1|||
[142,-7,0]
-1,0,1,0|||
[143,-7,0]
0,0,-1,0|||
[137,-8,0]
-1,-1,0,0|||
[138,-8,0]
-1,-1,-1,0|||
[139,-8,0]
1,-1,-1,0|||
[137,-7,0]
-1,0,1,-1|||
[138,-7,0]
-1,1,-1,-1|||
[139,-7,0]
0,0,-1,-1|||
[138,-6,0]
-1,0,0,1|||
[139,-6,0]
-1,0,-1,0|||
[140,-6,0]
-1,0,-1,0|||
[141,-6,0]
0,0,-1,0|||
[137,-6,0]
1,0,0,0|||
[136,-7,0]
1,-1,0,0|||
[136,-6,0]
0,-1,0,-1|||
[136,-5,0]
0,0,1,-1|||
[135,-5,0]
1,-1,0,0|||
[135,-4,0]
0,-1,0,-1|||
[135,-3,0]
0,-1,0,-1|||
[135,-2,0]
1,0,1,-1|||
[131,-3,0]
-1,-1,1,0|||
[132,-3,0]
-1,-1,-1,1|||
[133,-3,0]
-1,-1,-1,0|||
[134,-3,0]
0,-1,-1,0|||
[131,-2,0]
-1,0,1,-1|||
[132,-2,0]
-1,0,-1,-1|||
[133,-2,0]
-1,1,-1,-1|||
[134,-2,0]
1,0,-1,-1|||
[132,-4,0]
-1,1,0,0|||
[133,-4,0]
-1,0,-1,0|||
[134,-4,0]
0,0,-1,0|||
[130,-1,0]
-1,0,1,0|||
[131,-1,0]
-1,0,-1,0|||
[132,-1,0]
-1,0,-1,0|||
[133,-1,0]
0,0,-1,1|||
[130,-3,0]
1,0,0,0|||
[129,-2,0]
-1,0,1,0|||
[130,-2,0]
1,0,-1,0|||
[126,-1,0]
-1,1,0,0|||
[127,-1,0]
-1,0,-1,0|||
[128,-1,0]
-1,0,-1,0|||
[129,-1,0]
1,0,-1,0|||
[126,0,0]
0,-1,0,1|||
[126,1,0]
0,1,0,-1|||
[126,2,0]
0,1,0,1|||
[123,3,0]
-1,-1,0,0|||
[124,3,0]
-1,-1,-1,0|||
[125,3,0]
-1,-1,-1,0|||
[126,3,0]
-1,-1,-1,1|||
[127,3,0]
-1,-1,-1,0|||
[128,3,0]
-1,-1,-1,0|||
[129,3,0]
0,-1,-1,0|||
[123,4,0]
-1,-1,0,-1|||
[124,4,0]
-1,-1,-1,-1|||
[125,4,0]
-1,-1,-1,-1|||
[126,4,0]
-1,-1,-1,-1|||
[127,4,0]
-1,-1,-1,-1|||
[128,4,0]
-1,-1,-1,-1|||
[129,4,0]
1,-1,-1,-1|||
[123,5,0]
-1,0,1,-1|||
[124,5,0]
-1,0,-1,-1|||
[125,5,0]
-1,0,-1,-1|||
[126,5,0]
-1,0,-1,-1|||
[127,5,0]
-1,0,-1,-1|||
[128,5,0]
-1,0,-1,-1|||
[129,5,0]
0,0,-1,-1|||
[116,4,0]
-1,-1,1,0|||
[117,4,0]
-1,-1,-1,0|||
[118,4,0]
-1,-1,-1,0|||
[119,4,0]
-1,-1,-1,0|||
[120,4,0]
-1,-1,-1,0|||
[121,4,0]
-1,-1,-1,0|||
[122,4,0]
0,-1,-1,0|||
[116,5,0]
-1,0,1,-1|||
[117,5,0]
-1,0,-1,-1|||
[118,5,0]
-1,0,-1,-1|||
[119,5,0]
-1,0,-1,-1|||
[120,5,0]
-1,0,-1,-1|||
[121,5,0]
-1,0,-1,-1|||
[122,5,0]
1,0,-1,-1|||
[130,4,0]
-1,-1,1,0|||
[131,4,0]
-1,-1,-1,0|||
[132,4,0]
0,-1,-1,0|||
[130,5,0]
-1,-1,0,-1|||
[131,5,0]
-1,-1,-1,-1|||
[132,5,0]
1,-1,-1,-1|||
[130,6,0]
-1,0,0,-1|||
[131,6,0]
-1,0,-1,-1|||
[132,6,0]
0,0,-1,-1|||
[133,5,0]
-1,0,1,0|||
[134,5,0]
-1,0,-1,0|||
[135,5,0]
-1,0,-1,0|||
[136,5,0]
1,0,-1,0|||
[137,5,0]
-1,-1,1,0|||
[138,5,0]
-1,-1,-1,0|||
[139,5,0]
1,-1,-1,0|||
[137,6,0]
-1,0,0,-1|||
[138,6,0]
-1,0,-1,-1|||
[139,6,0]
0,0,-1,-1|||
[140,5,0]
1,0,1,0|||
[141,5,0]
-1,0,1,0|||
[142,5,0]
-1,0,-1,0|||
[143,5,0]
1,0,-1,0|||
[112,4,0]
-1,0,1,0|||
[113,4,0]
-1,0,-1,0|||
[114,4,0]
-1,0,-1,0|||
[115,4,0]
1,0,-1,0|||
[109,4,0]
-1,-1,1,0|||
[110,4,0]
-1,-1,-1,0|||
[111,4,0]
1,-1,-1,0|||
[109,5,0]
-1,0,1,-1|||
[110,5,0]
-1,0,-1,-1|||
[111,5,0]
0,0,-1,-1|||
[108,4,0]
1,0,1,0|||
[104,4,0]
-1,0,1,0|||
[105,4,0]
-1,0,-1,0|||
[106,4,0]
-1,0,-1,0|||
[107,4,0]
1,0,-1,0|||
[94,-2,0]
1,-1,0,0|||
[94,-1,0]
0,-1,0,-1|||
[94,0,0]
1,0,0,-1|||
[95,0,0]
-1,0,1,0|||
[96,0,0]
-1,1,-1,0|||
[97,0,0]
-1,0,-1,0|||
[98,0,0]
0,1,-1,0|||
[94,1,0]
-1,0,1,0|||
[95,1,0]
-1,0,-1,0|||
[96,1,0]
0,0,-1,1|||
[92,-1,0]
-1,-1,1,0|||
[93,-1,0]
0,-1,-1,0|||
[92,0,0]
-1,-1,0,-1|||
[93,0,0]
0,-1,-1,-1|||
[92,1,0]
-1,0,1,-1|||
[93,1,0]
1,0,-1,-1|||
[91,1,0]
1,0,0,0|||
[91,-1,0]
1,0,0,0|||
[98,1,0]
0,-1,0,1|||
[98,2,0]
0,-1,0,-1|||
[98,3,0]
0,0,1,-1|||
[97,3,0]
1,0,1,0|||
[95,3,0]
-1,-1,0,0|||
[96,3,0]
1,-1,-1,0|||
[95,4,0]
-1,0,0,-1|||
[96,4,0]
1,0,-1,-1|||
[97,4,0]
-1,-1,1,0|||
[98,4,0]
-1,-1,-1,0|||
[99,4,0]
0,-1,-1,0|||
[97,5,0]
-1,0,1,-1|||
[98,5,0]
-1,0,-1,-1|||
[99,5,0]
1,0,-1,-1|||
[100,5,0]
-1,0,1,0|||
[101,5,0]
-1,0,-1,0|||
[102,5,0]
1,0,-1,0|||
[103,4,0]
1,-1,0,0|||
[103,5,0]
0,0,1,-1|||
[96,5,0]
1,-1,0,0|||
[96,6,0]
0,-1,0,-1|||
[96,7,0]
0,-1,0,-1|||
[96,8,0]
0,0,1,-1|||
[92,8,0]
-1,0,0,0|||
[93,8,0]
-1,0,-1,1|||
[94,8,0]
-1,0,-1,0|||
[95,8,0]
1,0,-1,0|||
[91,7,0]
-1,1,0,0|||
[92,7,0]
-1,0,-1,0|||
[93,7,0]
0,1,-1,0|||
[91,8,0]
0,-1,0,1|||
[91,9,0]
0,-1,0,-1|||
[91,10,0]
1,0,1,-1|||
[92,10,0]
-1,-1,1,0|||
[93,10,0]
-1,-1,-1,0|||
[94,10,0]
0,-1,-1,0|||
[92,11,0]
-1,0,0,-1|||
[93,11,0]
-1,0,-1,-1|||
[94,11,0]
1,0,-1,-1|||
[95,10,0]
1,-1,0,0|||
[95,11,0]
1,0,1,-1|||
[96,10,0]
-1,0,1,0|||
[97,10,0]
-1,0,-1,0|||
[98,10,0]
-1,0,-1,0|||
[99,10,0]
1,0,-1,0|||
[96,11,0]
-1,0,1,0|||
[97,11,0]
1,0,-1,0|||
[98,11,0]
0,-1,1,0|||
[98,12,0]
0,-1,0,-1|||
[98,13,0]
0,0,1,-1|||
[96,13,0]
-1,0,1,0|||
[97,13,0]
1,0,-1,0|||
[94,13,0]
-1,-1,1,0|||
[95,13,0]
1,-1,-1,0|||
[94,14,0]
-1,0,0,-1|||
[95,14,0]
1,0,-1,-1|||
[96,14,0]
-1,0,1,0|||
[97,14,0]
-1,0,-1,0|||
[98,14,0]
-1,0,-1,0|||
[99,14,0]
1,0,-1,0|||
[100,10,0]
0,-1,1,0|||
[100,11,0]
0,-1,0,-1|||
[100,12,0]
0,0,1,-1|||
[99,12,0]
1,0,0,0|||
[100,14,0]
0,1,1,0|||
[100,15,0]
0,-1,0,1|||
[100,16,0]
0,1,0,-1|||
[99,17,0]
-1,-1,1,0|||
[100,17,0]
-1,-1,-1,1|||
[101,17,0]
0,-1,-1,0|||
[99,18,0]
-1,0,0,-1|||
[100,18,0]
-1,0,-1,-1|||
[101,18,0]
1,0,-1,-1|||
[97,17,0]
-1,-1,0,0|||
[98,17,0]
1,-1,-1,0|||
[97,18,0]
-1,-1,0,-1|||
[98,18,0]
0,-1,-1,-1|||
[97,19,0]
-1,-1,0,-1|||
[98,19,0]
0,-1,-1,-1|||
[97,20,0]
-1,0,0,-1|||
[98,20,0]
1,0,-1,-1|||
[99,19,0]
-1,-1,0,0|||
[100,19,0]
-1,-1,-1,0|||
[101,19,0]
1,-1,-1,0|||
[99,20,0]
-1,0,1,-1|||
[100,20,0]
-1,0,-1,-1|||
[101,20,0]
1,0,-1,-1|||
[102,18,0]
-1,-1,1,0|||
[103,18,0]
0,-1,-1,0|||
[102,19,0]
-1,0,1,-1|||
[103,19,0]
1,0,-1,-1|||
[104,19,0]
-1,-1,1,0|||
[105,19,0]
0,-1,-1,0|||
[104,20,0]
-1,-1,0,-1|||
[105,20,0]
0,-1,-1,-1|||
[104,21,0]
-1,0,1,-1|||
[105,21,0]
1,0,-1,-1|||
[102,20,0]
-1,-1,1,0|||
[103,20,0]
0,-1,-1,0|||
[102,21,0]
-1,1,1,-1|||
[103,21,0]
1,0,-1,-1|||
[100,21,0]
-1,0,0,0|||
[101,21,0]
1,0,-1,0|||
[101,22,0]
-1,-1,0,0|||
[102,22,0]
-1,-1,-1,1|||
[103,22,0]
-1,-1,-1,0|||
[104,22,0]
0,-1,-1,0|||
[101,23,0]
-1,0,1,-1|||
[102,23,0]
-1,0,-1,-1|||
[103,23,0]
-1,0,-1,-1|||
[104,23,0]
0,0,-1,-1|||
[98,23,0]
-1,0,1,0|||
[99,23,0]
-1,0,-1,0|||
[100,23,0]
1,0,-1,0|||
[98,22,0]
-1,0,1,0|||
[99,22,0]
0,0,-1,0|||
[97,22,0]
1,-1,0,0|||
[97,23,0]
1,-1,0,-1|||
[97,24,0]
1,0,1,-1|||
[98,24,0]
-1,0,1,0|||
[99,24,0]
-1,0,-1,0|||
[100,24,0]
-1,0,-1,0|||
[101,24,0]
1,0,-1,0|||
[102,24,0]
-1,-1,1,0|||
[103,24,0]
0,-1,-1,0|||
[102,25,0]
-1,0,0,-1|||
[103,25,0]
0,0,-1,-1|||
[96,24,0]
1,0,0,0|||
[106,21,0]
0,0,1,0|||
[116,-16,0]
0,0,1,0|||
[108,-19,0]
1,-1,0,0|||
[108,-18,0]
1,0,0,-1|||
[109,-19,0]
-1,0,1,0|||
[110,-19,0]
-1,0,-1,0|||
[111,-19,0]
1,0,-1,0|||
[112,-19,0]
1,0,1,0|||
[124,-14,0]
0,0,1,0|||
[138,-15,0]
0,0,1,0|||
[150,-14,0]
0,0,1,0|||
[136,-2,0]
0,0,1,0|||
[128,-2,0]
1,0,0,0|||
[90,10,0]
1,0,0,0|||
[93,13,0]
1,0,0,0|||
[115,5,0]
1,0,0,0|||
[108,5,0]
1,0,0,0|||
[144,4,0]
-1,-1,0,0|||
[145,4,0]
0,-1,-1,0|||
[144,5,0]
-1,0,1,-1|||
[145,5,0]
1,0,-1,-1|||
[146,1,0]
1,-1,0,0|||
[146,2,0]
0,-1,1,-1|||
[146,3,0]
1,-1,0,-1|||
[146,4,0]
0,-1,0,-1|||
[146,5,0]
1,0,1,-1|||
[147,5,0]
-1,0,1,0|||
[148,5,0]
0,0,-1,0|||
[147,3,0]
0,0,1,0|||
[144,2,0]
-1,0,0,0|||
[145,2,0]
1,0,-1,0|||
[147,1,0]
-1,0,1,0|||
[148,1,0]
-1,0,-1,0|||
[149,1,0]
1,0,-1,0|||
[150,1,0]
0,-1,1,0|||
[150,2,0]
0,-1,1,-1|||
[150,3,0]
1,-1,0,-1|||
[150,4,0]
0,-1,1,-1|||
[150,5,0]
1,0,0,-1|||
[148,2,0]
-1,0,0,0|||
[149,2,0]
1,0,-1,0|||
[149,4,0]
1,0,0,0|||
[151,4,0]
-1,-1,0,0|||
[152,4,0]
0,-1,-1,0|||
[151,5,0]
-1,0,1,-1|||
[152,5,0]
1,0,-1,-1|||
[151,3,0]
0,0,1,0|||
[153,5,0]
-1,0,1,0|||
[154,5,0]
1,0,-1,0|||
[155,4,0]
0,-1,1,0|||
[155,5,0]
1,0,1,-1|||
[154,4,0]
1,0,0,0|||
[156,5,0]
0,0,1,0|||
[113,-20,0]
-1,-1,0,0|||
[114,-20,0]
0,-1,-1,0|||
[113,-19,0]
-1,0,1,-1|||
[114,-19,0]
1,0,-1,-1|||
[115,-22,0]
1,-1,1,0|||
[115,-21,0]
0,-1,1,-1|||
[115,-20,0]
0,-1,0,-1|||
[115,-19,0]
1,0,1,-1|||
[114,-21,0]
1,0,0,0|||
[114,-22,0]
1,0,0,0|||
[116,-22,0]
-1,-1,1,0|||
[117,-22,0]
-1,-1,-1,1|||
[118,-22,0]
0,-1,-1,0|||
[116,-21,0]
-1,0,0,-1|||
[117,-21,0]
-1,0,-1,-1|||
[118,-21,0]
1,0,-1,-1|||
[116,-20,0]
-1,-1,0,0|||
[117,-20,0]
1,-1,-1,0|||
[116,-19,0]
-1,0,1,-1|||
[117,-19,0]
1,0,-1,-1|||
[118,-20,0]
-1,0,1,0|||
[119,-20,0]
0,0,-1,0|||
[118,-19,0]
-1,0,1,0|||
[119,-19,0]
-1,0,-1,0|||
[120,-19,0]
1,0,-1,0|||
[121,-19,0]
0,0,1,0|||
[119,-21,0]
-1,0,1,0|||
[120,-21,0]
-1,1,-1,0|||
[121,-21,0]
1,0,-1,0|||
[120,-20,0]
1,0,0,1|||
[121,-20,0]
0,0,1,0|||
[122,-21,0]
0,-1,1,0|||
[122,-20,0]
0,-1,0,-1|||
[122,-19,0]
1,0,0,-1|||
[123,-19,0]
-1,0,1,0|||
[124,-19,0]
0,0,-1,0|||
[123,-20,0]
0,0,1,0|||
[117,-24,0]
0,-1,0,1|||
[117,-23,0]
0,1,0,-1|||
[117,-25,0]
0,1,1,0|||
[115,-25,0]
-1,0,1,0|||
[116,-25,0]
1,0,-1,0|||
[156,5,1]
0,0,1,0|||
[153,5,1]
-1,0,0,0|||
[154,5,1]
-1,0,-1,0|||
[155,5,1]
1,0,-1,0|||
[160,-15,0]
1,0,1,0|||
[161,-15,0]
-1,0,1,0|||
[162,-15,0]
-1,0,-1,1|||
[163,-15,0]
1,0,-1,0|||
[164,-15,0]
-1,-1,1,0|||
[165,-15,0]
-1,-1,-1,0|||
[166,-15,0]
-1,-1,-1,0|||
[167,-15,0]
-1,-1,-1,0|||
[168,-15,0]
-1,-1,-1,0|||
[169,-15,0]
-1,-1,-1,0|||
[170,-15,0]
-1,-1,-1,0|||
[171,-15,0]
-1,-1,-1,0|||
[172,-15,0]
1,-1,-1,0|||
[164,-14,0]
-1,-1,0,-1|||
[165,-14,0]
-1,-1,-1,-1|||
[166,-14,0]
-1,-1,-1,-1|||
[167,-14,0]
-1,-1,-1,-1|||
[168,-14,0]
-1,-1,-1,-1|||
[169,-14,0]
-1,-1,-1,-1|||
[170,-14,0]
-1,-1,-1,-1|||
[171,-14,0]
-1,-1,-1,-1|||
[172,-14,0]
1,-1,-1,-1|||
[164,-13,0]
-1,0,1,-1|||
[165,-13,0]
-1,0,-1,-1|||
[166,-13,0]
-1,1,-1,-1|||
[167,-13,0]
-1,0,-1,-1|||
[168,-13,0]
-1,0,-1,-1|||
[169,-13,0]
-1,0,-1,-1|||
[170,-13,0]
-1,0,-1,-1|||
[171,-13,0]
-1,0,-1,-1|||
[172,-13,0]
0,0,-1,-1|||
[173,-15,0]
-1,0,1,0|||
[174,-15,0]
-1,1,-1,0|||
[175,-15,0]
1,0,-1,0|||
[176,-15,0]
1,0,1,0|||
[166,-12,0]
0,-1,0,1|||
[166,-11,0]
0,-1,0,-1|||
[166,-10,0]
0,-1,0,-1|||
[166,-9,0]
0,-1,0,-1|||
[166,-8,0]
1,0,0,-1|||
[162,-13,0]
-1,0,0,0|||
[163,-13,0]
1,0,-1,0|||
[173,-14,0]
0,-1,1,0|||
[173,-13,0]
1,0,0,-1|||
[174,-13,0]
-1,0,1,0|||
[175,-13,0]
-1,0,-1,0|||
[176,-13,0]
0,0,-1,0|||
[177,-15,0]
-1,0,1,0|||
[178,-15,0]
1,0,-1,0|||
[179,-15,0]
-1,0,1,0|||
[180,-15,0]
-1,0,-1,1|||
[181,-15,0]
1,0,-1,0|||
[182,-15,0]
-1,0,1,0|||
[183,-15,0]
1,0,-1,0|||
[179,-18,0]
-1,-1,0,0|||
[180,-18,0]
-1,-1,-1,0|||
[181,-18,0]
0,-1,-1,0|||
[179,-17,0]
-1,-1,1,-1|||
[180,-17,0]
-1,-1,-1,-1|||
[181,-17,0]
0,-1,-1,-1|||
[179,-16,0]
-1,0,0,-1|||
[180,-16,0]
-1,1,-1,-1|||
[181,-16,0]
1,0,-1,-1|||
[178,-20,0]
1,-1,0,0|||
[178,-19,0]
0,-1,0,-1|||
[178,-18,0]
0,-1,0,-1|||
[178,-17,0]
1,-1,0,-1|||
[178,-16,0]
0,0,0,-1|||
[179,-20,0]
-1,-1,1,1|||
[180,-20,0]
0,-1,-1,0|||
[179,-19,0]
-1,0,0,-1|||
[180,-19,0]
0,0,-1,-1|||
[182,-19,0]
0,-1,1,0|||
[182,-18,0]
0,-1,0,-1|||
[182,-17,0]
0,-1,0,-1|||
[182,-16,0]
0,0,1,-1|||
[181,-22,0]
0,-1,1,0|||
[181,-21,0]
1,-1,0,-1|||
[181,-20,0]
0,-1,0,-1|||
[181,-19,0]
1,0,0,-1|||
[178,-22,0]
-1,-1,0,0|||
[179,-22,0]
-1,-1,-1,0|||
[180,-22,0]
1,-1,-1,0|||
[178,-21,0]
-1,0,0,-1|||
[179,-21,0]
-1,1,-1,-1|||
[180,-21,0]
0,0,-1,-1|||
[162,-16,0]
0,1,0,0|||
[174,-14,0]
0,0,0,1|||
[182,-25,0]
0,-1,1,0|||
[182,-24,0]
0,-1,0,-1|||
[182,-23,0]
0,-1,1,-1|||
[182,-22,0]
0,-1,0,-1|||
[182,-21,0]
0,0,1,-1|||
[182,-20,0]
0,1,0,0|||
[179,-24,0]
-1,-1,0,0|||
[180,-24,0]
-1,-1,-1,0|||
[181,-24,0]
0,-1,-1,0|||
[179,-23,0]
-1,0,1,-1|||
[180,-23,0]
-1,0,-1,-1|||
[181,-23,0]
1,0,-1,-1|||
[178,-23,0]
1,0,0,0|||
[178,-25,0]
-1,1,0,0|||
[179,-25,0]
-1,0,-1,1|||
[180,-25,0]
-1,0,-1,0|||
[181,-25,0]
1,0,-1,0|||
[178,-24,0]
0,0,0,1|||
[178,-27,0]
-1,-1,0,0|||
[179,-27,0]
-1,-1,-1,1|||
[180,-27,0]
-1,-1,-1,0|||
[181,-27,0]
-1,-1,-1,1|||
[182,-27,0]
0,-1,-1,0|||
[178,-26,0]
-1,0,0,-1|||
[179,-26,0]
-1,1,-1,-1|||
[180,-26,0]
-1,0,-1,-1|||
[181,-26,0]
-1,0,-1,-1|||
[182,-26,0]
0,0,-1,-1|||
[181,-28,0]
-1,1,0,0|||
[182,-28,0]
0,0,-1,0|||
[178,-29,0]
-1,-1,0,0|||
[179,-29,0]
1,-1,-1,0|||
[178,-28,0]
-1,0,0,-1|||
[179,-28,0]
0,1,-1,-1|||
[180,-29,0]
1,-1,1,0|||
[180,-28,0]
0,0,0,-1|||
[181,-31,0]
-1,-1,0,0|||
[182,-31,0]
0,-1,-1,0|||
[181,-30,0]
-1,-1,1,-1|||
[182,-30,0]
0,-1,-1,-1|||
[181,-29,0]
-1,0,1,-1|||
[182,-29,0]
0,0,-1,-1|||
[183,-26,0]
-1,0,1,0|||
[184,-26,0]
-1,0,-1,0|||
[185,-26,0]
-1,0,-1,0|||
[186,-26,0]
0,0,-1,0|||
[178,-31,0]
-1,-1,0,0|||
[179,-31,0]
1,-1,-1,1|||
[178,-30,0]
-1,0,0,-1|||
[179,-30,0]
1,0,-1,-1|||
[180,-30,0]
1,0,1,0|||
[180,-31,0]
0,0,1,0|||
[179,-33,0]
0,-1,0,1|||
[179,-32,0]
0,1,0,-1|||
[179,-34,0]
1,1,1,0|||
[180,-34,0]
-1,0,1,0|||
[181,-34,0]
-1,0,-1,0|||
[182,-34,0]
1,0,-1,0|||
[175,-34,0]
-1,1,0,0|||
[176,-34,0]
-1,0,-1,0|||
[177,-34,0]
-1,0,-1,0|||
[178,-34,0]
1,0,-1,0|||
[172,-33,0]
-1,0,0,0|||
[173,-33,0]
-1,0,-1,0|||
[174,-33,0]
-1,0,-1,0|||
[175,-33,0]
0,0,-1,1|||
[183,-35,0]
-1,-1,0,0|||
[184,-35,0]
-1,-1,-1,0|||
[185,-35,0]
-1,-1,-1,0|||
[186,-35,0]
0,-1,-1,0|||
[183,-34,0]
-1,0,1,-1|||
[184,-34,0]
-1,0,-1,-1|||
[185,-34,0]
-1,0,-1,-1|||
[186,-34,0]
0,0,-1,-1|||
[184,-15,0]
1,0,1,0|||
[185,-15,0]
-1,0,1,0|||
[186,-15,0]
-1,0,-1,0|||
[187,-15,0]
1,0,-1,0|||
[188,-15,0]
1,-1,1,0|||
[188,-14,0]
0,-1,0,-1|||
[188,-13,0]
1,0,1,-1|||
[189,-15,0]
-1,0,1,0|||
[190,-15,0]
-1,0,-1,0|||
[191,-15,0]
1,0,-1,0|||
[187,-13,0]
1,-1,1,0|||
[187,-12,0]
0,-1,0,-1|||
[187,-11,0]
0,0,1,-1|||
[189,-13,0]
-1,0,1,0|||
[190,-13,0]
1,0,-1,0|||
[191,-13,0]
0,-1,1,0|||
[191,-12,0]
0,-1,0,-1|||
[191,-11,0]
1,-1,0,-1|||
[191,-10,0]
0,-1,0,-1|||
[191,-9,0]
1,0,1,-1|||
[189,-9,0]
-1,0,0,1|||
[190,-9,0]
1,0,-1,0|||
[192,-11,0]
-1,0,1,0|||
[193,-11,0]
1,0,-1,0|||
[185,-11,0]
-1,0,1,0|||
[186,-11,0]
1,0,-1,0|||
[184,-12,0]
0,-1,0,0|||
[184,-11,0]
1,-1,0,-1|||
[184,-10,0]
0,-1,0,-1|||
[184,-9,0]
1,0,0,-1|||
[185,-9,0]
-1,0,1,0|||
[186,-9,0]
-1,1,-1,0|||
[187,-9,0]
0,0,-1,0|||
[186,-8,0]
0,-1,0,1|||
[186,-7,0]
0,-1,1,-1|||
[186,-6,0]
1,0,0,-1|||
[187,-6,0]
-1,0,1,0|||
[188,-6,0]
-1,0,-1,0|||
[189,-6,0]
1,0,-1,0|||
[183,-7,0]
-1,0,0,0|||
[184,-7,0]
-1,0,-1,0|||
[185,-7,0]
1,0,-1,0|||
[189,-11,0]
0,-1,0,0|||
[189,-10,0]
0,1,0,-1|||
[192,-15,0]
0,-1,1,0|||
[192,-14,0]
0,-1,0,-1|||
[192,-13,0]
1,0,0,-1|||
[193,-13,0]
-1,0,1,0|||
[194,-13,0]
0,0,-1,0|||
[186,-13,0]
1,0,0,0|||
[192,-9,0]
0,0,1,0|||
[194,-11,0]
0,-1,1,0|||
[194,-10,0]
1,-1,0,-1|||
[194,-9,0]
0,-1,0,-1|||
[194,-8,0]
0,0,0,-1|||
[195,-10,0]
-1,0,1,0|||
[196,-10,0]
0,0,-1,1|||
[196,-16,0]
1,-1,0,0|||
[196,-15,0]
0,-1,1,-1|||
[196,-14,0]
1,-1,0,-1|||
[196,-13,0]
0,-1,0,-1|||
[196,-12,0]
0,-1,0,-1|||
[196,-11,0]
0,1,0,-1|||
[194,-15,0]
-1,0,0,0|||
[195,-15,0]
1,0,-1,0|||
[197,-14,0]
-1,0,1,0|||
[198,-14,0]
-1,1,-1,0|||
[199,-14,0]
0,0,-1,0|||
[197,-16,0]
-1,0,1,0|||
[198,-16,0]
-1,0,-1,0|||
[199,-16,0]
-1,0,-1,0|||
[200,-16,0]
0,0,-1,0|||
[198,-13,0]
-1,0,0,1|||
[199,-13,0]
-1,0,-1,0|||
[200,-13,0]
-1,0,-1,0|||
[201,-13,0]
-1,0,-1,0|||
[202,-13,0]
1,0,-1,0|||
[203,-13,0]
1,0,1,0|||
[204,-14,0]
-1,-1,0,0|||
[205,-14,0]
-1,-1,-1,0|||
[206,-14,0]
0,-1,-1,0|||
[204,-13,0]
-1,0,1,-1|||
[205,-13,0]
-1,0,-1,-1|||
[206,-13,0]
0,0,-1,-1|||
[190,-6,0]
1,1,1,0|||
[191,-6,0]
1,1,1,0|||
[192,-6,0]
1,1,1,0|||
[193,-6,0]
1,1,1,0|||
[194,-6,0]
0,1,1,0|||
[190,-5,0]
1,1,0,1|||
[191,-5,0]
1,1,1,1|||
[192,-5,0]
1,1,1,1|||
[193,-5,0]
1,1,1,1|||
[194,-5,0]
0,1,1,1|||
[194,-4,0]
0,1,1,1|||
[192,-4,0]
1,1,1,1|||
[193,-3,0]
1,1,1,1|||
[193,-4,0]
1,1,1,1|||
[192,-3,0]
1,1,1,1|||
[191,-3,0]
1,1,1,1|||
[191,-4,0]
1,1,1,1|||
[190,-4,0]
1,1,0,1|||
[190,-3,0]
1,1,0,1|||
[190,-2,0]
1,0,0,1|||
[191,-2,0]
1,0,1,1|||
[192,-2,0]
1,1,1,1|||
[193,-2,0]
1,0,1,1|||
[194,-2,0]
0,0,1,1|||
[194,-3,0]
0,1,1,1|||
[192,-1,0]
0,1,0,1|||
[191,0,0]
-1,-1,0,0|||
[192,0,0]
-1,-1,-1,1|||
[193,0,0]
0,-1,-1,0|||
[191,1,0]
-1,0,0,-1|||
[192,1,0]
-1,0,-1,-1|||
[193,1,0]
0,0,-1,-1|||
[167,-8,0]
1,0,1,0|||
[26,-3,0]
-1,0,1,0|||
[27,-3,0]
-1,0,-1,0|||
[28,-3,0]
1,0,-1,0|||
[22,-4,0]
-1,-1,1,0|||
[23,-4,0]
-1,-1,-1,0|||
[24,-4,0]
-1,-1,-1,1|||
[25,-4,0]
0,-1,-1,0|||
[22,-3,0]
-1,0,0,-1|||
[23,-3,0]
-1,0,-1,-1|||
[24,-3,0]
-1,0,-1,-1|||
[25,-3,0]
1,0,-1,-1|||
[17,-4,0]
-1,0,1,0|||
[18,-4,0]
-1,0,-1,0|||
[19,-4,0]
-1,0,-1,0|||
[20,-4,0]
-1,1,-1,0|||
[21,-4,0]
1,0,-1,0|||
[19,-3,0]
-1,0,0,0|f0f0f0,,,,||
[20,-3,0]
0,0,-1,1|000000,,,,||
[21,-3,0]
1,0,0,0|||
[13,-6,0]
-1,0,1,0|||
[14,-6,0]
1,0,-1,0|||
[10,-6,0]
-1,0,0,0|||
[11,-6,0]
-1,0,-1,1|||
[12,-6,0]
1,0,-1,0|||
[10,-7,0]
-1,0,0,1|||
[11,-7,0]
-1,1,-1,0|||
[12,-7,0]
0,0,-1,0|||
[9,-9,0]
-1,-1,1,0|||
[10,-9,0]
0,-1,-1,0|||
[9,-8,0]
-1,0,0,-1|||
[10,-8,0]
0,1,-1,-1|||
[8,-9,0]
1,0,1,0|||
[5,-9,0]
-1,0,1,0|||
[6,-9,0]
-1,0,-1,0|||
[7,-9,0]
1,0,-1,0|||
[0,-9,0]
-1,0,1,0|||
[1,-9,0]
-1,0,-1,0|||
[2,-9,0]
-1,0,-1,0|||
[3,-9,0]
-1,0,-1,0|||
[4,-9,0]
1,0,-1,0|||
[-1,-9,0]
1,0,1,0|||
[24,-5,0]
0,1,0,0|||
[-5,-9,0]
-1,0,1,0|||
[-4,-9,0]
-1,1,-1,0|||
[-3,-9,0]
-1,0,-1,0|||
[-2,-9,0]
1,0,-1,0|||
[-7,-9,0]
-1,0,1,0|||
[-6,-9,0]
1,0,-1,0|||
[-11,-9,0]
-1,0,1,0|||
[-10,-9,0]
-1,1,-1,0|||
[-9,-9,0]
-1,0,-1,0|||
[-8,-9,0]
1,0,-1,0|||
[-10,-8,0]
0,0,0,1|||
[-14,-9,0]
-1,0,1,0|||
[-13,-9,0]
-1,1,-1,0|||
[-12,-9,0]
1,0,-1,0|||
[-13,-8,0]
0,0,0,1|||
[-4,-8,0]
0,0,0,1|||
[-19,-9,0]
-1,0,1,0|||
[-18,-9,0]
-1,0,-1,0|||
[-17,-9,0]
-1,0,-1,0|||
[-16,-9,0]
1,0,-1,0|||
[-20,-9,0]
1,-1,1,0|||
[-20,-8,0]
1,0,1,-1|||
[-19,-8,0]
-1,0,1,0|||
[-18,-8,0]
0,0,-1,0|||
[-23,-8,0]
-1,0,1,0|||
[-22,-8,0]
-1,0,-1,0|||
[-21,-8,0]
1,0,-1,0|||
[-24,-9,0]
-1,0,1,0|||
[-23,-9,0]
-1,0,-1,0|||
[-22,-9,0]
-1,0,-1,0|||
[-21,-9,0]
1,0,-1,0|||
[-25,-10,0]
0,-1,0,0|||
[-25,-9,0]
1,0,1,-1|||
[-26,-9,0]
1,-1,1,0|||
[-26,-8,0]
1,0,1,-1|||
[-25,-8,0]
0,0,1,0|||
[-28,-8,0]
-1,0,0,0|||
[-27,-8,0]
1,0,-1,0|||
[-29,-9,0]
-1,0,1,0|||
[-28,-9,0]
-1,0,-1,0|||
[-27,-9,0]
1,0,-1,0|||
[-30,-10,0]
0,-1,0,0|||
[-30,-9,0]
1,0,1,-1|||
[-24,-8,0]
1,0,0,0|||
[-15,-9,0]
1,0,1,0|||
[-31,-9,0]
1,0,1,0|||
[-33,-9,0]
-1,0,1,0|||
[-32,-9,0]
1,0,-1,0|||
[-37,-9,0]
-1,0,1,0|||
[-36,-9,0]
-1,0,-1,0|||
[-35,-9,0]
-1,0,-1,0|||
[-34,-9,0]
1,0,-1,0|||
[-41,-9,0]
-1,-1,1,0|||
[-40,-9,0]
-1,-1,-1,0|||
[-39,-9,0]
-1,-1,-1,0|||
[-38,-9,0]
1,-1,-1,0|||
[-41,-8,0]
-1,0,0,-1|||
[-40,-8,0]
-1,0,-1,-1|||
[-39,-8,0]
-1,0,-1,-1|||
[-38,-8,0]
0,0,-1,-1|||
[-45,-9,0]
-1,0,1,0|||
[-44,-9,0]
-1,0,-1,0|||
[-43,-9,0]
-1,0,-1,0|||
[-42,-9,0]
1,0,-1,0|||
[-48,-10,0]
-1,-1,0,0|||
[-47,-10,0]
-1,-1,-1,0|||
[-46,-10,0]
0,-1,-1,0|||
[-48,-9,0]
-1,0,1,-1|||
[-47,-9,0]
-1,0,-1,-1|||
[-46,-9,0]
1,0,-1,-1|||
[-52,-9,0]
-1,1,1,0|||
[-51,-9,0]
-1,1,-1,0|||
[-50,-9,0]
-1,0,-1,0|||
[-49,-9,0]
1,0,-1,0|||
[-51,-8,0]
-1,0,0,1|||
[-50,-8,0]
0,0,-1,0|||
[-52,-8,0]
0,-1,1,1|||
[-52,-7,0]
0,1,0,-1|||
[-52,-6,0]
0,0,0,1|||
[-53,-8,0]
1,0,0,0|||
[-54,-10,0]
-1,-1,1,0|||
[-53,-10,0]
0,-1,-1,0|||
[-54,-9,0]
-1,0,1,-1|||
[-53,-9,0]
1,0,-1,-1|||
[-59,-9,0]
-1,0,1,0|||
[-58,-9,0]
-1,0,-1,0|||
[-57,-9,0]
-1,0,-1,0|||
[-56,-9,0]
-1,0,-1,0|||
[-55,-9,0]
1,0,-1,0|||
[-60,-9,0]
1,0,1,0|||
[-56,-11,0]
-1,-1,1,0|||
[-55,-11,0]
0,-1,-1,0|||
[-56,-10,0]
-1,0,1,-1|||
[-55,-10,0]
1,0,-1,-1|||
[-57,-10,0]
1,0,0,0|||
[-58,-12,0]
-1,-1,0,0|||
[-57,-12,0]
0,-1,-1,0|||
[-58,-11,0]
-1,0,0,-1|||
[-57,-11,0]
1,0,-1,-1|||
[-64,-9,0]
-1,0,1,0|||
[-63,-9,0]
-1,0,-1,0|||
[-62,-9,0]
-1,0,-1,0|||
[-61,-9,0]
1,0,-1,0|||
[-67,-9,0]
-1,0,1,0|||
[-66,-9,0]
-1,0,-1,0|||
[-65,-9,0]
1,0,-1,0|||
[-71,-10,0]
-1,-1,0,0|||
[-70,-10,0]
-1,-1,-1,0|||
[-69,-10,0]
-1,-1,-1,0|||
[-68,-10,0]
0,-1,-1,0|||
[-71,-9,0]
-1,0,1,-1|||
[-70,-9,0]
-1,0,-1,-1|||
[-69,-9,0]
-1,0,-1,-1|||
[-68,-9,0]
1,0,-1,-1|||
[-73,-9,0]
-1,0,1,0|||
[-72,-9,0]
1,0,-1,0|||
[-74,-9,0]
1,0,1,0|||
[-77,-9,0]
-1,0,1,0|||
[-76,-9,0]
-1,0,-1,0|||
[-75,-9,0]
1,0,-1,0|||
[-78,-12,0]
1,-1,1,0|||
[-78,-11,0]
0,-1,1,-1|||
[-78,-10,0]
1,-1,0,-1|||
[-78,-9,0]
1,-1,1,-1|||
[-78,-8,0]
1,0,1,-1|||
[-77,-8,0]
0,0,1,0|||
[-79,-8,0]
1,0,0,0|||
[-81,-9,0]
-1,0,1,0|||
[-80,-9,0]
-1,0,-1,0|||
[-79,-9,0]
1,0,-1,0|||
[-82,-9,0]
1,0,1,0|||
[-85,-9,0]
-1,0,1,0|||
[-84,-9,0]
-1,0,-1,0|||
[-83,-9,0]
1,0,-1,0|||
[-87,-10,0]
-1,-1,1,0|||
[-86,-10,0]
0,-1,-1,0|||
[-87,-9,0]
-1,1,0,-1|||
[-86,-9,0]
1,0,-1,-1|||
[-90,-10,0]
-1,-1,0,0|||
[-89,-10,0]
-1,-1,-1,0|||
[-88,-10,0]
1,-1,-1,0|||
[-90,-9,0]
-1,0,1,-1|||
[-89,-9,0]
-1,0,-1,-1|||
[-88,-9,0]
0,0,-1,-1|||
[-94,-9,0]
-1,0,1,0|||
[-93,-9,0]
-1,0,-1,0|||
[-92,-9,0]
-1,0,-1,0|||
[-91,-9,0]
1,0,-1,0|||
[-96,-10,0]
-1,-1,1,0|||
[-95,-10,0]
0,-1,-1,0|||
[-96,-9,0]
-1,0,0,-1|||
[-95,-9,0]
1,0,-1,-1|||
[-97,-11,0]
0,-1,1,0|||
[-97,-10,0]
1,0,0,-1|||
[-98,-11,0]
1,0,1,0|||
[-101,-11,0]
-1,0,1,0|||
[-100,-11,0]
-1,0,-1,0|||
[-99,-11,0]
1,0,-1,0|||
[-103,-13,0]
-1,-1,1,0|||
[-102,-13,0]
0,-1,-1,0|||
[-103,-12,0]
-1,-1,0,-1|||
[-102,-12,0]
0,-1,-1,-1|||
[-103,-11,0]
-1,0,0,-1|||
[-102,-11,0]
1,0,-1,-1|||
[-80,-13,0]
-1,-1,0,0|||
[-79,-13,0]
1,-1,-1,0|||
[-80,-12,0]
-1,-1,0,-1|||
[-79,-12,0]
1,-1,-1,-1|||
[-80,-11,0]
-1,-1,1,-1|||
[-79,-11,0]
1,-1,-1,-1|||
[-80,-10,0]
-1,0,0,-1|||
[-79,-10,0]
0,0,-1,-1|||
[-77,-13,0]
-1,-1,1,0|||
[-76,-13,0]
1,-1,-1,0|||
[-77,-12,0]
-1,-1,1,-1|||
[-76,-12,0]
0,-1,-1,-1|||
[-77,-11,0]
-1,-1,0,-1|||
[-76,-11,0]
0,-1,-1,-1|||
[-77,-10,0]
-1,0,1,-1|||
[-76,-10,0]
1,0,-1,-1|||
[-75,-10,0]
0,0,1,0|||
[-81,-11,0]
1,-1,0,0|||
[-81,-10,0]
0,0,0,-1|||
[-78,-16,0]
0,-1,0,0|||
[-78,-15,0]
1,-1,1,-1|||
[-78,-14,0]
0,-1,0,-1|||
[-78,-13,0]
1,0,1,-1|||
[-75,-13,0]
0,0,1,0|||
[-79,-16,0]
0,-1,0,1|||
[-79,-15,0]
1,-1,0,-1|||
[-79,-14,0]
0,0,0,-1|||
[-77,-16,0]
0,-1,0,0|||
[-77,-15,0]
0,-1,1,-1|||
[-77,-14,0]
0,0,0,-1|||
[-79,-18,0]
-1,-1,1,0|||
[-78,-18,0]
-1,-1,-1,1|||
[-77,-18,0]
0,-1,-1,0|||
[-79,-17,0]
-1,1,0,-1|||
[-78,-17,0]
-1,0,-1,-1|||
[-77,-17,0]
0,0,-1,-1|||
[-80,-18,0]
1,0,0,0|||
[-78,-20,0]
0,-1,0,1|||
[-78,-19,0]
0,1,0,-1|||
[-78,-21,0]
0,1,0,0|||
[-87,-8,0]
0,-1,0,1|||
[-87,-7,0]
0,-1,0,-1|||
[-87,-6,0]
1,0,0,-1|||
[-86,-6,0]
-1,-1,1,0|||
[-85,-6,0]
-1,-1,-1,0|||
[-84,-6,0]
0,-1,-1,0|||
[-86,-5,0]
-1,0,0,-1|||
[-85,-5,0]
-1,0,-1,-1|||
[-84,-5,0]
1,0,-1,-1|||
[-83,-5,0]
0,-1,1,0|||
[-83,-4,0]
1,0,0,-1|||
[-82,-4,0]
1,0,1,0|||
[-81,-4,0]
0,-1,1,0|||
[-81,-3,0]
0,-1,0,-1|||
[-81,-2,0]
0,-1,0,-1|||
[-81,-1,0]
0,-1,0,-1|||
[-81,0,0]
1,0,0,-1|||
[-80,0,0]
-1,-1,1,0|||
[-79,0,0]
-1,-1,-1,0|||
[-78,0,0]
-1,-1,-1,0|||
[-77,0,0]
-1,-1,-1,0|||
[-76,0,0]
0,-1,-1,0|||
[-80,1,0]
-1,-1,0,-1|||
[-79,1,0]
-1,-1,-1,-1|||
[-78,1,0]
-1,-1,-1,-1|||
[-77,1,0]
-1,-1,-1,-1|||
[-76,1,0]
0,-1,-1,-1|||
[-80,2,0]
-1,0,1,-1|||
[-79,2,0]
-1,0,-1,-1|||
[-78,2,0]
-1,0,-1,-1|||
[-77,2,0]
-1,0,-1,-1|||
[-76,2,0]
1,0,-1,-1|||
[-75,0,0]
-1,-1,0,0|||
[-74,0,0]
-1,-1,-1,0|||
[-73,0,0]
-1,-1,-1,0|||
[-72,0,0]
-1,-1,-1,0|||
[-71,0,0]
0,-1,-1,0|||
[-75,1,0]
-1,-1,0,-1|||
[-74,1,0]
-1,-1,-1,-1|||
[-73,1,0]
-1,-1,-1,-1|||
[-72,1,0]
-1,-1,-1,-1|||
[-71,1,0]
0,-1,-1,-1|||
[-75,2,0]
-1,0,1,-1|||
[-74,2,0]
-1,0,-1,-1|||
[-73,2,0]
-1,0,-1,-1|||
[-72,2,0]
-1,0,-1,-1|||
[-71,2,0]
0,0,-1,-1|||
[-81,2,0]
1,0,0,0|||
[19,-11,1]
-1,-1,0,0|||
[20,-11,1]
-1,-1,-1,0|||
[21,-11,1]
-1,-1,-1,0|||
[22,-11,1]
-1,-1,-1,0|||
[23,-11,1]
-1,-1,-1,0|||
[24,-11,1]
-1,-1,-1,0|||
[25,-11,1]
-1,-1,-1,0|||
[26,-11,1]
-1,-1,-1,0|||
[27,-11,1]
-1,-1,-1,0|||
[28,-11,1]
-1,-1,-1,0|||
[29,-11,1]
-1,-1,-1,0|||
[30,-11,1]
0,-1,-1,0|||
[19,-10,1]
-1,-1,0,-1|||
[20,-10,1]
-1,-1,-1,-1|||
[21,-10,1]
-1,-1,-1,-1|||
[22,-10,1]
-1,-1,-1,-1|||
[23,-10,1]
-1,-1,-1,-1|||
[24,-10,1]
-1,-1,-1,-1|||
[25,-10,1]
-1,-1,-1,-1|||
[26,-10,1]
-1,-1,-1,-1|||
[27,-10,1]
-1,-1,-1,-1|||
[28,-10,1]
-1,-1,-1,-1|||
[29,-10,1]
-1,-1,-1,-1|||
[30,-10,1]
0,-1,-1,-1|||
[19,-9,1]
-1,0,0,-1|||
[20,-9,1]
-1,0,-1,-1|||
[21,-9,1]
-1,0,-1,-1|||
[22,-9,1]
-1,0,-1,-1|||
[23,-9,1]
-1,0,-1,-1|||
[24,-9,1]
-1,0,-1,-1|||
[25,-9,1]
-1,0,-1,-1|||
[26,-9,1]
-1,0,-1,-1|||
[27,-9,1]
-1,0,-1,-1|||
[28,-9,1]
-1,0,-1,-1|||
[29,-9,1]
-1,0,-1,-1|||
[30,-9,1]
0,0,-1,-1|||
[15,-4,0]
-1,0,0,-1|||
[15,-5,0]
-1,-1,0,-1|||
[15,-6,0]
-1,-1,1,0|||
[16,-6,0]
0,-1,-1,0|||
[16,-5,0]
0,-1,-1,-1|||
[16,-4,0]
1,0,-1,-1|||
