$ln;Defaltia;Shadia;Renegia
0:-5,1,0:1,-1,0:2,0,0:2,-1,0:-4,1,0:-3,1,0:-2,1,0:1,0,0:-1,-7,0:-2,-1,0:-1,-1,0:0,-1,0:-2,0,0:-1,0,0:0,0,0
1:1,-1,0:0,-1,0
-1,-6,0/elevator/1x5
-5,1,0/label/1x1/Shadia
-1,-7,0/label/1x1/Renegia
-5,1,1/label/1x1/Defaltia
-1,-7,2/label/1x1/Defaltia
[3,0,0]
0,0,1,0|008a4c,94ff8b,94ff8b,94ff8b,94ff8b||RelicRoom.tscn
[-5,1,0]
1,0,0,0||1|PortalRoom.tscn
[-5,1,1]
1,0,0,0|e646ff,e68bff,e68bff,e68bff,e68bff|1|DarkPortalRoom.tscn
[-4,1,1]
-1,0,1,0|e646ff,,e68bff,e68bff,e68bff|0|DarkCorridor.tscn
[-3,1,1]
1,0,-1,0|e646ff,e68bff,e68bff,,e68bff||DarkCorridor.tscn
[-2,1,1]
1,0,1,-1|e646ff,e68bff,e68bff,e68bff,e68bff||DarkStaircase.tscn
[-1,1,1]
-1,0,1,0|e646ff,,e68bff,e68bff,e68bff||EndingPoint.tscn
[0,1,1]
-1,0,-1,0|e646ff,,e68bff,,e68bff||EndingPoint.tscn
[1,1,1]
0,0,-1,0|e646ff,e68bff,e68bff,,e68bff||EndingPoint.tscn
[-1,-7,2]
1,0,0,0|8ca1ff,3d4e99,3d4e99,3d4e99,3d4e99|1|DiceRoom.tscn
[-2,0,1]
-1,-1,0,0|e646ff,,,e68bff,e68bff||DarkStaircase.tscn
[-1,0,1]
0,0,-1,0|e646ff,e68bff,e68bff,,e68bff||DarkStaircase.tscn
[3,0,1]
0,0,0,0|e646ff,e68bff,e68bff,e68bff,e68bff||SecretChamber.tscn
[1,-1,0]
1,0,-1,0|||LavaCorridor.tscn
[2,0,0]
0,0,1,-1|||RightStaircase.tscn
[2,-1,0]
0,-1,1,0|||RightStaircase.tscn
[-4,1,0]
-1,0,1,0|||:cdbeu2j3o78ll
[-3,1,0]
1,0,-1,0|||:cdbeu2j3o78ll
[-2,1,0]
0,0,1,-1|||:b1nanw80m5sqa
[1,0,0]
1,0,-1,0|||StartingPoint.tscn
[-1,-7,0]
0,1,0,0||1|UpperElevatorRoom.tscn
[-2,-1,0]
1,-1,0,0|||:b1nanw80m5sqa
[-1,-1,0]
1,0,1,1||0|ElevatorRoom.tscn
[0,-1,0]
-1,0,1,0|||LavaCorridor.tscn
[-2,0,0]
1,-1,0,-1|||:b1nanw80m5sqa
[-1,0,0]
-1,0,1,0|||StartingPoint.tscn
[0,0,0]
-1,0,-1,0||0|StartingPoint.tscn
[5,-18,0]
-1,-1,0,0|||
[6,-18,0]
0,-1,-1,0|||
[5,-17,0]
-1,-1,0,-1|||
[6,-17,0]
0,-1,-1,-1|||
[5,-16,0]
-1,-1,0,-1|||
[6,-16,0]
0,-1,-1,-1|||
[5,-15,0]
-1,0,0,-1|||
[6,-15,0]
0,0,-1,-1|||
[13,-13,0]
-1,-1,0,0|||
[14,-13,0]
-1,-1,-1,0|||
[15,-13,0]
-1,-1,-1,0|||
[16,-13,0]
-1,-1,-1,0|||
[17,-13,0]
-1,-1,-1,0|||
[18,-13,0]
-1,-1,-1,0|||
[19,-13,0]
-1,-1,-1,0|||
[20,-13,0]
0,-1,-1,0|||
[13,-12,0]
-1,-1,0,-1|||
[14,-12,0]
-1,-1,-1,-1|||
[15,-12,0]
-1,-1,-1,-1|||
[16,-12,0]
-1,-1,-1,-1|||
[17,-12,0]
-1,-1,-1,-1|||
[18,-12,0]
-1,-1,-1,-1|||
[19,-12,0]
-1,-1,-1,-1|||
[20,-12,0]
0,-1,-1,-1|||
[13,-11,0]
-1,-1,0,-1|||
[14,-11,0]
-1,-1,-1,-1|||
[15,-11,0]
-1,-1,-1,-1|||
[16,-11,0]
-1,-1,-1,-1|||
[17,-11,0]
-1,-1,-1,-1|||
[18,-11,0]
-1,-1,-1,-1|||
[19,-11,0]
-1,-1,-1,-1|||
[20,-11,0]
0,-1,-1,-1|||
[13,-10,0]
-1,-1,0,-1|||
[14,-10,0]
-1,-1,-1,-1|||
[15,-10,0]
-1,-1,-1,-1|||
[16,-10,0]
-1,-1,-1,-1|||
[17,-10,0]
-1,-1,-1,-1|||
[18,-10,0]
-1,-1,-1,-1|||
[19,-10,0]
-1,-1,-1,-1|||
[20,-10,0]
0,-1,-1,-1|||
[13,-9,0]
-1,-1,0,-1|||
[14,-9,0]
-1,-1,-1,-1|||
[15,-9,0]
-1,-1,-1,-1|||
[16,-9,0]
-1,-1,-1,-1|||
[17,-9,0]
-1,-1,-1,-1|||
[18,-9,0]
-1,-1,-1,-1|||
[19,-9,0]
-1,-1,-1,-1|||
[20,-9,0]
0,-1,-1,-1|||
[13,-8,0]
-1,-1,0,-1|||
[14,-8,0]
-1,-1,-1,-1|||
[15,-8,0]
-1,-1,-1,-1|||
[16,-8,0]
-1,-1,-1,-1|||
[17,-8,0]
-1,-1,-1,-1|||
[18,-8,0]
-1,-1,-1,-1|||
[19,-8,0]
-1,-1,-1,-1|||
[20,-8,0]
0,-1,-1,-1|||
[13,-7,0]
-1,-1,0,-1|||
[14,-7,0]
-1,-1,-1,-1|||
[15,-7,0]
-1,-1,-1,-1|||
[16,-7,0]
-1,-1,-1,-1|||
[17,-7,0]
-1,-1,-1,-1|||
[18,-7,0]
-1,-1,-1,-1|||
[19,-7,0]
-1,-1,-1,-1|||
[20,-7,0]
0,-1,-1,-1|||
[13,-6,0]
-1,-1,0,-1|||
[14,-6,0]
-1,-1,-1,-1|||
[15,-6,0]
-1,-1,-1,-1|||
[16,-6,0]
-1,-1,-1,-1|||
[17,-6,0]
-1,-1,-1,-1|||
[18,-6,0]
-1,-1,-1,-1|||
[19,-6,0]
-1,-1,-1,-1|||
[20,-6,0]
0,-1,-1,-1|||
[13,-5,0]
-1,-1,0,-1|||
[14,-5,0]
-1,-1,-1,-1|||
[15,-5,0]
-1,-1,-1,-1|||
[16,-5,0]
-1,-1,-1,-1|||
[17,-5,0]
-1,-1,-1,-1|||
[18,-5,0]
-1,-1,-1,-1|||
[19,-5,0]
-1,-1,-1,-1|||
[20,-5,0]
0,-1,-1,-1|||
[13,-4,0]
-1,0,0,-1|||
[14,-4,0]
-1,0,-1,-1|||
[15,-4,0]
-1,0,-1,-1|||
[16,-4,0]
-1,0,-1,-1|||
[17,-4,0]
-1,0,-1,-1|||
[18,-4,0]
-1,0,-1,-1|||
[19,-4,0]
-1,0,-1,-1|||
[20,-4,0]
0,0,-1,-1|||
[-20,-8,0]
-1,0,0,0|||
[-19,-8,0]
-1,0,-1,0|||
[-18,-8,0]
-1,0,-1,0|||
[-17,-8,0]
-1,0,-1,0|||
[-16,-8,0]
-1,0,-1,0|||
[-15,-8,0]
-1,0,-1,0|||
[-14,-8,0]
0,0,-1,0|||
[-19,-13,0]
-1,-1,0,0|||
[-18,-13,0]
-1,-1,-1,0|||
[-17,-13,0]
0,-1,-1,0|||
[-19,-12,0]
-1,0,0,-1|||
[-18,-12,0]
-1,0,-1,-1|||
[-17,-12,0]
0,0,-1,-1|||
[-11,-16,0]
-1,0,0,0|||
[-10,-16,0]
-1,0,-1,0|||
[-9,-16,0]
-1,0,-1,0|||
[-8,-16,0]
-1,0,-1,0|||
[-7,-16,0]
-1,0,-1,0|||
[-6,-16,0]
-1,0,-1,0|||
[-5,-16,0]
-1,0,-1,0|||
[-4,-16,0]
-1,0,-1,0|||
[-3,-16,0]
-1,0,-1,0|||
[-2,-16,0]
0,0,-1,0|||
[-9,-24,0]
-1,-1,0,0|||
[-8,-24,0]
-1,-1,-1,0|||
[-7,-24,0]
0,-1,-1,0|||
[-9,-23,0]
-1,-1,0,-1|||
[-8,-23,0]
-1,-1,-1,-1|||
[-7,-23,0]
-1,-1,-1,-1|||
[-9,-22,0]
-1,0,0,-1|||
[-8,-22,0]
-1,0,-1,-1|||
[-7,-22,0]
0,0,-1,-1|||
[-6,-23,0]
-1,0,-1,0|||
[-5,-23,0]
-1,0,-1,0|||
[-4,-23,0]
-1,-1,-1,0|||
[-3,-23,0]
0,-1,-1,0|||
[-4,-22,0]
-1,0,0,-1|||
[-3,-22,0]
0,0,-1,-1|||
[3,-26,0]
-1,-1,0,0|||
[4,-26,0]
-1,-1,-1,0|||
[5,-26,0]
-1,-1,-1,0|||
[6,-26,0]
-1,-1,-1,0|||
[7,-26,0]
-1,-1,-1,0|||
[8,-26,0]
-1,-1,-1,0|||
[9,-26,0]
0,-1,-1,0|||
[3,-25,0]
-1,0,0,-1|||
[4,-25,0]
-1,0,-1,-1|||
[5,-25,0]
-1,0,-1,-1|||
[6,-25,0]
-1,0,-1,-1|||
[7,-25,0]
-1,0,-1,-1|||
[8,-25,0]
-1,0,-1,-1|||
[9,-25,0]
0,0,-1,-1|||
[-9,8,0]
-1,-1,0,0|||
[-8,8,0]
0,-1,-1,0|||
[-9,9,0]
-1,-1,0,-1|||
[-8,9,0]
0,-1,-1,-1|||
[-9,10,0]
-1,0,0,-1|||
[-8,10,0]
0,0,-1,-1|||
[-7,8,0]
-1,-1,0,0|||
[-6,8,0]
0,-1,-1,0|||
[-7,9,0]
-1,0,0,-1|||
[-6,9,0]
0,0,-1,-1|||
[-28,-7,0]
-1,-1,0,0|||
[-27,-7,0]
0,-1,-1,0|||
[-28,-6,0]
-1,-1,0,-1|||
[-27,-6,0]
0,-1,-1,-1|||
[-28,-5,0]
-1,0,0,-1|||
[-27,-5,0]
0,0,-1,-1|||
[-27,0,0]
-1,-1,0,0|||
[-26,0,0]
-1,-1,-1,0|||
[-25,0,0]
-1,-1,-1,0|||
[-24,0,0]
-1,-1,-1,0|||
[-23,0,0]
0,-1,-1,0|||
[-27,1,0]
-1,-1,0,-1|||
[-26,1,0]
-1,-1,-1,-1|||
[-25,1,0]
-1,-1,-1,-1|||
[-24,1,0]
-1,-1,-1,-1|||
[-23,1,0]
0,-1,-1,-1|||
[-27,2,0]
-1,-1,0,-1|||
[-26,2,0]
-1,-1,-1,-1|||
[-25,2,0]
-1,-1,-1,-1|||
[-24,2,0]
-1,-1,-1,-1|||
[-23,2,0]
0,-1,-1,-1|||
[-27,3,0]
-1,0,0,-1|||
[-26,3,0]
-1,0,-1,-1|||
[-25,3,0]
-1,0,-1,-1|||
[-24,3,0]
-1,0,-1,-1|||
[-23,3,0]
0,0,-1,-1|||
[-19,4,0]
-1,0,0,0|||
[-18,4,0]
-1,0,-1,-1|||
[-17,4,0]
-1,0,-1,-1|||
[-16,4,0]
0,0,-1,-1|||
[-16,2,0]
0,-1,-1,0|||
[-16,3,0]
0,-1,-1,-1|||
[-18,2,0]
-1,-1,0,0|||
[-17,2,0]
-1,-1,-1,0|||
[-18,3,0]
-1,-1,0,-1|||
[-17,3,0]
-1,-1,-1,-1|||
[-15,-5,0]
-1,-1,0,0|||
[-14,-5,0]
0,-1,-1,0|||
[-15,-4,0]
-1,-1,0,-1|||
[-14,-4,0]
0,-1,-1,-1|||
[-15,-3,0]
-1,-1,0,-1|||
[-14,-3,0]
0,-1,-1,-1|||
[-15,-2,0]
-1,0,0,-1|||
[-14,-2,0]
0,0,-1,-1|||
[-14,1,0]
-1,0,0,0|||
[-13,1,0]
-1,0,-1,0|||
[-12,1,0]
1,0,-1,0|||
[-11,1,0]
-1,0,1,0|||
[-10,1,0]
-1,0,-1,0|||
[-9,1,0]
0,0,-1,0|||
[-24,-23,0]
-1,-1,0,0|||
[-23,-23,0]
-1,-1,-1,0|||
[-22,-23,0]
0,-1,-1,0|||
[-24,-22,0]
-1,-1,0,-1|||
[-23,-22,0]
-1,-1,-1,-1|||
[-22,-22,0]
1,-1,-1,-1|||
[-24,-21,0]
-1,0,0,-1|||
[-23,-21,0]
-1,0,-1,-1|||
[-22,-21,0]
0,0,-1,-1|||
[-21,-22,0]
-1,0,1,0|||
[-20,-22,0]
-1,0,-1,0|||
[-19,-22,0]
0,0,-1,0|||
[0,-32,0]
0,0,0,0|||
